1
0.992115
0.968583
0.929776
0.876307
0.809017
0.728969
0.637424
0.535827
0.425779
0.309017
0.187381
0.0627905
-0.0627905
-0.187381
-0.309017
-0.425779
-0.535827
-0.637424
-0.728969
-0.809017
-0.876307
-0.929776
-0.968583
-0.992115
-1
-0.992115
-0.968583
-0.929776
-0.876307
-0.809017
-0.728969
-0.637424
-0.535827
-0.425779
-0.309017
-0.187381
-0.0627905
0.0627905
0.187381
0.309017
0.425779
0.535827
0.637424
0.728969
0.809017
0.876307
0.929776
0.968583
0.992115
1
0.992115
0.968583
0.929776
0.876307
0.809017
0.728969
0.637424
0.535827
0.425779
0.309017
0.187381
0.0627905
-0.0627905
-0.187381
-0.309017
-0.425779
-0.535827
-0.637424
-0.728969
-0.809017
-0.876307
-0.929776
-0.968583
-0.992115
-1
-0.992115
-0.968583
-0.929776
-0.876307
-0.809017
-0.728969
-0.637424
-0.535827
-0.425779
-0.309017
-0.187381
-0.0627905
0.0627905
0.187381
0.309017
0.425779
0.535827
0.637424
0.728969
0.809017
0.876307
0.929776
0.968583
0.992115


-1.17684e-16
-5.88418e-17
0.5
-2.22045e-17
-1.15463e-16
7.88258e-17
2.66454e-17
-5.66214e-17
-6.32827e-17
7.43849e-17
-2.15383e-16
-2.20934e-16
1.4877e-16
-1.29896e-16
-2.18714e-16
-1.27676e-16
-1.26565e-16
-8.10463e-17
-3.27516e-17
2.61458e-16
1.60427e-16
-5.96745e-17
1.67366e-16
-2.41751e-16
-1.33504e-16
3.17464e-16
-1.35447e-16
-1.2032e-16
5.72875e-16
7.93532e-16
9.95315e-16
-6.21725e-17
-3.71925e-16
-1.45439e-16
2.59792e-16
-1.62093e-16
-2.24265e-16
-2.4869e-16
-1.11022e-16
9.78106e-16
-1.66533e-17
5.88418e-16
6.81677e-16
3.88578e-17
-1.05582e-15
-6.76126e-16
-1.88738e-17
4.35207e-16
-1.47105e-15
-3.18634e-16
-3.10862e-17
3.9635e-16
4.4742e-16
-3.26406e-16
-4.62963e-16
4.87388e-16
9.76996e-16
9.09273e-16
-1.35669e-15
6.88338e-17
-6.21725e-17
-1.25122e-15
-1.47993e-15
-2.35367e-16
6.20615e-16
5.31797e-16
-1.09135e-15
-8.99281e-17
2.73115e-16
-4.42424e-16
-5.14588e-16
2.91434e-17
-1.75693e-16
-2.52715e-15
-1.4419e-16
1.00121e-16
-5.80716e-16
-1.49852e-15
-4.18832e-16
-1.80217e-15
-4.84612e-16
-1.68199e-16
-7.01661e-16
-1.21181e-15
2.21156e-15
3.07976e-15
1.09468e-15
-1.83187e-16
5.78426e-16
9.51461e-16
2.52798e-15
-9.49241e-16
4.21885e-17
2.04836e-15
2.17271e-15
1.64313e-16
8.13793e-16
1.31228e-15
0.5
-2.69451e-15


0.976583
0.971797
0.962827
0.962827
0.984954
1.03324
1.09618
1.14626
1.14626
1.06072
0.868554
0.572224
0.2
-0.2
-0.572224
-0.868554
-1.06072
-1.14626
-1.14626
-1.09618
-1.03324
-0.984954
-0.962827
-0.962827
-0.971797
-0.976583
-0.971797
-0.962827
-0.962827
-0.984954
-1.03324
-1.09618
-1.14626
-1.14626
-1.06072
-0.868554
-0.572224
-0.2
0.2
0.572224
0.868554
1.06072
1.14626
1.14626
1.09618
1.03324
0.984954
0.962827
0.962827
0.971797
0.976583
0.971797
0.962827
0.962827
0.984954
1.03324
1.09618
1.14626
1.14626
1.06072
0.868554
0.572224
0.2
-0.2
-0.572224
-0.868554
-1.06072
-1.14626
-1.14626
-1.09618
-1.03324
-0.984954
-0.962827
-0.962827
-0.971797
-0.976583
-0.971797
-0.962827
-0.962827
-0.984954
-1.03324
-1.09618
-1.14626
-1.14626
-1.06072
-0.868554
-0.572224
-0.2
0.2
0.572224
0.868554
1.06072
1.14626
1.14626
1.09618
1.03324
0.984954
0.962827
0.962827
0.971797


0
2.66454e-17
0.637039
-1.02141e-16
-2.27596e-16
6.43929e-17
-0.213468
-1.22125e-17
6.66134e-18
5.10703e-17
0
0
0
0
0
0
0
0
0
0
0
0
0
0
0
0
0
0
0
0
0
0
0
0
0
0
0
0
0
0
0
0
0
0
0
0
0
0
0
0
0
0
0
0
0
0
0
0
0
0
0
0
0
0
0
0
0
0
0
0
0
0
0
0
0
0
0
0
0
0
0
0
0
0
0
0
0
0
0
0
0.129443
-2.85771e-15
-5.04041e-16
1.12577e-15
-0.213468
1.17573e-15
7.52731e-16
1.78524e-15
0.637039
-2.34257e-15


1
1
1
1
1
1
1
1
1
1
1
1
1
-1
-1
-1
-1
-1
-1
-1
-1
-1
-1
-1
-1
-1
-1
-1
-1
-1
-1
-1
-1
-1
-1
-1
-1
-1
1
1
1
1
1
1
1
1
1
1
1
1
1
1
1
1
1
1
1
1
1
1
1
1
1
-1
-1
-1
-1
-1
-1
-1
-1
-1
-1
-1
-1
-1
-1
-1
-1
-1
-1
-1
-1
-1
-1
-1
-1
-1
1
1
1
1
1
1
1
1
1
1
1
1


0
2.66454e-17
0.637039
-1.02141e-16
-2.27596e-16
6.43929e-17
-0.213468
-1.22125e-17
6.66134e-18
5.10703e-17
0.129443
-1.4766e-16
2.83107e-16
-1.4877e-16
-0.0939454
1.82077e-16
-4.44089e-17
2.60902e-17
0.074651
-5.55112e-19
1.44329e-17
-8.54872e-17
-0.0627526
5.2458e-17
-3.05311e-17
3.65706e-16
0.054872
-6.00076e-16
-2.27041e-16
7.99361e-16
-0.0494427
2.06501e-16
-3.27516e-17
4.10783e-17
0.0456461
-1.13354e-15
-5.63993e-16
-4.9627e-16
-0.0430211
2.1716e-15
2.95319e-16
3.85247e-16
0.0412974
-5.50671e-16
-1.17573e-15
-1.77969e-15
-0.0403179
1.15907e-15
-1.92291e-15
9.65894e-17
0.04
2.498e-16
-5.39568e-16
-1.34781e-15
-0.0403179
7.10543e-16
2.16938e-15
2.6612e-15
0.0412974
-5.16254e-16
-1.12799e-15
-2.6612e-15
-0.0430211
1.44329e-17
1.46771e-15
9.9809e-16
0.0456461
1.22125e-16
-5.22915e-16
-1.02973e-15
-0.0494427
5.78149e-16
-7.21645e-18
-2.45276e-15
0.054872
1.26349e-16
-2.22614e-15
-2.43638e-15
-0.0627526
-2.4783e-15
-6.71685e-17
1.31117e-15
0.074651
-9.41469e-16
2.33702e-15
3.74589e-15
-0.0939454
-8.43769e-17
4.20775e-16
-2.43139e-16
0.129443
-2.85771e-15
-5.04041e-16
1.12577e-15
-0.213468
1.17573e-15
7.52731e-16
1.78524e-15
0.637039
-2.34257e-15


1
0.992115
0.968583
0.929776
0.876307
0.809017
0.728969
0.637424
0.535827
0.425779
0.309017
0.187381
0.0627905
-0.0627905
-0.187381
-0.309017
-0.425779
-0.535827
-0.637424
-0.728969
-0.809017
-0.876307
-0.929776
-0.968583
-0.992115
-1
-0.992115
-0.968583
-0.929776
-0.876307
-0.809017
-0.728969
-0.637424
-0.535827
-0.425779
-0.309017
-0.187381
-0.0627905
0.0627905
0.187381
0.309017
0.425779
0.535827
0.637424
0.728969
0.809017
0.876307
0.929776
0.968583
0.992115
1
0.992115
0.968583
0.929776
0.876307
0.809017
0.728969
0.637424
0.535827
0.425779
0.309017
0.187381
0.0627905
-0.0627905
-0.187381
-0.309017
-0.425779
-0.535827
-0.637424
-0.728969
-0.809017
-0.876307
-0.929776
-0.968583
-0.992115
-1
-0.992115
-0.968583
-0.929776
-0.876307
-0.809017
-0.728969
-0.637424
-0.535827
-0.425779
-0.309017
-0.187381
-0.0627905
0.0627905
0.187381
0.309017
0.425779
0.535827
0.637424
0.728969
0.809017
0.876307
0.929776
0.968583
0.992115


-1.17684e-16
-5.88418e-17
0.5
-2.22045e-17
-1.15463e-16
7.88258e-17
2.66454e-17
-5.66214e-17
-6.32827e-17
7.43849e-17
-2.15383e-16
-2.20934e-16
1.4877e-16
-1.29896e-16
-2.18714e-16
-1.27676e-16
-1.26565e-16
-8.10463e-17
-3.27516e-17
2.61458e-16
1.60427e-16
-5.96745e-17
1.67366e-16
-2.41751e-16
-1.33504e-16
3.17464e-16
-1.35447e-16
-1.2032e-16
5.72875e-16
7.93532e-16
9.95315e-16
-6.21725e-17
-3.71925e-16
-1.45439e-16
2.59792e-16
-1.62093e-16
-2.24265e-16
-2.4869e-16
-1.11022e-16
9.78106e-16
-1.66533e-17
5.88418e-16
6.81677e-16
3.88578e-17
-1.05582e-15
-6.76126e-16
-1.88738e-17
4.35207e-16
-1.47105e-15
-3.18634e-16
-3.10862e-17
3.9635e-16
4.4742e-16
-3.26406e-16
-4.62963e-16
4.87388e-16
9.76996e-16
9.09273e-16
-1.35669e-15
6.88338e-17
-6.21725e-17
-1.25122e-15
-1.47993e-15
-2.35367e-16
6.20615e-16
5.31797e-16
-1.09135e-15
-8.99281e-17
2.73115e-16
-4.42424e-16
-5.14588e-16
2.91434e-17
-1.75693e-16
-2.52715e-15
-1.4419e-16
1.00121e-16
-5.80716e-16
-1.49852e-15
-4.18832e-16
-1.80217e-15
-4.84612e-16
-1.68199e-16
-7.01661e-16
-1.21181e-15
2.21156e-15
3.07976e-15
1.09468e-15
-1.83187e-16
5.78426e-16
9.51461e-16
2.52798e-15
-9.49241e-16
4.21885e-17
2.04836e-15
2.17271e-15
1.64313e-16
8.13793e-16
1.31228e-15
0.5
-2.69451e-15


0.976583
0.971797
0.962827
0.962827
0.984954
1.03324
1.09618
1.14626
1.14626
1.06072
0.868554
0.572224
0.2
-0.2
-0.572224
-0.868554
-1.06072
-1.14626
-1.14626
-1.09618
-1.03324
-0.984954
-0.962827
-0.962827
-0.971797
-0.976583
-0.971797
-0.962827
-0.962827
-0.984954
-1.03324
-1.09618
-1.14626
-1.14626
-1.06072
-0.868554
-0.572224
-0.2
0.2
0.572224
0.868554
1.06072
1.14626
1.14626
1.09618
1.03324
0.984954
0.962827
0.962827
0.971797
0.976583
0.971797
0.962827
0.962827
0.984954
1.03324
1.09618
1.14626
1.14626
1.06072
0.868554
0.572224
0.2
-0.2
-0.572224
-0.868554
-1.06072
-1.14626
-1.14626
-1.09618
-1.03324
-0.984954
-0.962827
-0.962827
-0.971797
-0.976583
-0.971797
-0.962827
-0.962827
-0.984954
-1.03324
-1.09618
-1.14626
-1.14626
-1.06072
-0.868554
-0.572224
-0.2
0.2
0.572224
0.868554
1.06072
1.14626
1.14626
1.09618
1.03324
0.984954
0.962827
0.962827
0.971797


0
2.66454e-17
0.637039
-1.02141e-16
-2.27596e-16
6.43929e-17
-0.213468
-1.22125e-17
6.66134e-18
5.10703e-17
0
0
0
0
0
0
0
0
0
0
0
0
0
0
0
0
0
0
0
0
0
0
0
0
0
0
0
0
0
0
0
0
0
0
0
0
0
0
0
0
0
0
0
0
0
0
0
0
0
0
0
0
0
0
0
0
0
0
0
0
0
0
0
0
0
0
0
0
0
0
0
0
0
0
0
0
0
0
0
0
0.129443
-2.85771e-15
-5.04041e-16
1.12577e-15
-0.213468
1.17573e-15
7.52731e-16
1.78524e-15
0.637039
-2.34257e-15


1
1
1
1
1
1
1
1
1
1
1
1
1
-1
-1
-1
-1
-1
-1
-1
-1
-1
-1
-1
-1
-1
-1
-1
-1
-1
-1
-1
-1
-1
-1
-1
-1
-1
1
1
1
1
1
1
1
1
1
1
1
1
1
1
1
1
1
1
1
1
1
1
1
1
1
-1
-1
-1
-1
-1
-1
-1
-1
-1
-1
-1
-1
-1
-1
-1
-1
-1
-1
-1
-1
-1
-1
-1
-1
-1
1
1
1
1
1
1
1
1
1
1
1
1


